saveMD5 = 993e714e71b1fc1c3b7b4a9a638acbed
vesselCount = 11
UT = 357504.15774515597
gameMode = CAREER
gameNull = False
gameCompatible = True
funds = 802525.53327928402
science = 102
reputationPercent = 41
ongoingContracts = 3
saveMD5 = 993e714e71b1fc1c3b7b4a9a638acbed
