saveMD5 = 51e1b6eb6a1de21d7c63768395ef7dff
vesselCount = 10
UT = 401561.68398471014
gameMode = CAREER
gameNull = False
gameCompatible = True
funds = 1330198.7668527206
science = 349
reputationPercent = 47
ongoingContracts = 1
saveMD5 = 51e1b6eb6a1de21d7c63768395ef7dff
