vesselCount = 11
UT = 317534.26208545285
gameMode = CAREER
gameNull = False
gameCompatible = True
funds = 1004731.1870363789
science = 80
reputationPercent = 39
ongoingContracts = 3
saveMD5 = b82f5bc8c42f8132b150353d25607cbb
