saveMD5 = 247f9dc82928d471628cd086fda7da86
vesselCount = 11
UT = 348655.79697049479
gameMode = CAREER
gameNull = False
gameCompatible = True
funds = 670675.53782831004
science = 96
reputationPercent = 40
ongoingContracts = 4
saveMD5 = 247f9dc82928d471628cd086fda7da86
