saveMD5 = 24eef908a4a2a79565ab8b00210a5c75
vesselCount = 11
UT = 391141.73980882444
gameMode = CAREER
gameNull = False
gameCompatible = True
funds = 924997.53327928402
science = 110
reputationPercent = 42
ongoingContracts = 3
saveMD5 = 24eef908a4a2a79565ab8b00210a5c75
