saveMD5 = 9b94191b425e47ff97554f42aa146c6d
vesselCount = 11
UT = 354905.66507630848
gameMode = CAREER
gameNull = False
gameCompatible = True
funds = 686515.53782831004
science = 99
reputationPercent = 40
ongoingContracts = 4
saveMD5 = 9b94191b425e47ff97554f42aa146c6d
