vesselCount = 11
UT = 318671.22208651173
gameMode = CAREER
gameNull = False
gameCompatible = True
funds = 654835.53782831004
science = 93
reputationPercent = 39
ongoingContracts = 4
saveMD5 = 67a692878630daa6b3aa3d740fc1d70e
