saveMD5 = 7290050a4fb932123bdbb9eec55a4466
vesselCount = 11
UT = 345373.12130607036
gameMode = CAREER
gameNull = False
gameCompatible = True
funds = 670675.53782831004
science = 96
reputationPercent = 40
ongoingContracts = 4
saveMD5 = 7290050a4fb932123bdbb9eec55a4466
