saveMD5 = 39ae42b0d2580a116ff986f375f75f27
vesselCount = 10
UT = 401560.38398470893
gameMode = CAREER
gameNull = False
gameCompatible = True
funds = 1330198.7668527206
science = 349
reputationPercent = 47
ongoingContracts = 1
saveMD5 = 39ae42b0d2580a116ff986f375f75f27
