saveMD5 = 1954de3dd8afa5287587fd36a1fd78de
vesselCount = 11
UT = 340767.04853430903
gameMode = CAREER
gameNull = False
gameCompatible = True
funds = 654835.53782831004
science = 93
reputationPercent = 39
ongoingContracts = 4
saveMD5 = 1954de3dd8afa5287587fd36a1fd78de
